{
    "samples": [
        {
            "x": 5.342407703399658,
            "y": 6.699962139129639,
            "heading": 3.3636740355255,
            "angularVelocity": 0.32930014451959316,
            "velocityX": -0.4730629008334152,
            "velocityY": 0.294980676766733,
            "timestamp": 0
        },
        {
            "x": 5.342407703399658,
            "y": 6.699962139129639,
            "heading": 3.3636740355255,
            "angularVelocity": -1.0197070578567015e-31,
            "velocityX": 4.5771839799212747e-32,
            "velocityY": -2.780302289877669e-33,
            "timestamp": 0.05194400731445015
        }
    ]
}